package main

import (
	"Multi-objectiveOptimization/MOEAs"
	"fmt"
	"github.com/chfenger/goNum"
)

func Value(m map[string]interface{}) float64 {
	numPoints := m["n_dim"].(int)
	var distanceMatrix goNum.Matrix
	distanceMatrix.Data = []float64{0.0, 0.26820846840669127, 0.24501309706953528, 0.23453823502143265, 0.5502330738675738, 0.285052668994362, 0.28656601578035246, 0.7369851979915782, 0.8582315244601707, 0.4673431895380394, 0.3434469777305862, 0.6164136462720029, 0.1996042409496083, 0.7248024700978009, 0.5290882979786334, 0.29855986299224424, 0.1352498070818946, 0.29235875726466787, 0.4662023240066439, 0.25515457987181633, 0.7270772971961036, 0.5222444395689747, 0.15563591405493915, 0.09321829108507922, 0.6012518638301736, 0.26820846840669127, 0.0, 0.12886471435414887, 0.16388904581842367, 0.40108959148866424, 0.2675584730085275, 0.36310345612278705, 0.47334669441141985, 0.6050905983507949, 0.41918655124507725, 0.2879930182975184, 0.3555763738176356, 0.08932357468629246, 0.48564439983738283, 0.41888677714721545, 0.2846510793685011, 0.13295902073154464, 0.37225127455125645, 0.20359260602871754, 0.397504150764676, 0.4698771513618336, 0.25772176080027687, 0.11696111340813849, 0.2807209638061997, 0.38905445076509276, 0.24501309706953528, 0.12886471435414887, 0.0, 0.03771155895842753, 0.31982092549285235, 0.36394113699209896, 0.24034466094593698, 0.5613453784192517, 0.6213582883663072, 0.29823617453381096, 0.1630099054809488, 0.391779072622994, 0.07173892769886729, 0.4825409990522191, 0.5439043137113722, 0.1557907405010862, 0.142134705559602, 0.24950921071840795, 0.30545364129288927, 0.4484966970943887, 0.5683068032749082, 0.35193994389312094, 0.1542052783014073, 0.21304667962040125, 0.5136161990217329, 0.23453823502143265, 0.16388904581842367, 0.03771155895842753, 0.0, 0.31814039330844285, 0.3847249024130877, 0.20268572252305325, 0.5974685751010183, 0.64519997031338, 0.2748532284144098, 0.13812850568598323, 0.4214848187040412, 0.09340167395788511, 0.5029829489481505, 0.5744838110643159, 0.12232042895990743, 0.15130599330103203, 0.21185414936139682, 0.34304220912606614, 0.4542746748687942, 0.6053542441186539, 0.38907026619742235, 0.16942718572075152, 0.18961358813172793, 0.5505842129487539, 0.5502330738675738, 0.40108959148866424, 0.31982092549285235, 0.31814039330844285, 0.0, 0.667537852982992, 0.36980770298934695, 0.5891137518073419, 0.4489741620724849, 0.1884487352757272, 0.2227586361025631, 0.34133826417127616, 0.3888265675827722, 0.297146388844317, 0.7968326855986997, 0.27705835420811215, 0.46194445644165155, 0.3742389773786959, 0.4462032417209068, 0.7683103805544159, 0.6264333243787666, 0.45591148274991383, 0.47189653889329636, 0.4879250385092854, 0.6827809679251414, 0.285052668994362, 0.2675584730085275, 0.36394113699209896, 0.3847249024130877, 0.667537852982992, 0.0, 0.5361800605350119, 0.5918753873948058, 0.8255337702839202, 0.6595714444325662, 0.5228529057525504, 0.5736331834356475, 0.29297121629971473, 0.728282178214296, 0.24759569361051934, 0.49966518139207433, 0.2414364638081673, 0.5440387126217103, 0.3577131076811753, 0.1915396748240824, 0.5610189492951194, 0.40865634420186625, 0.2169675551886038, 0.365821412595286, 0.3771161678670161, 0.28656601578035246, 0.36310345612278705, 0.24034466094593698, 0.20268572252305325, 0.36980770298934695, 0.5361800605350119, 0.0, 0.7914636662374416, 0.7845962611615442, 0.21708030958010346, 0.15802232382896977, 0.5917410499263391, 0.27958113216369024, 0.6325795982645799, 0.7549006954791831, 0.11067177985623515, 0.29889189379924613, 0.009176696945680164, 0.5445887100906442, 0.5417153532877089, 0.8036914568399607, 0.5883979744603343, 0.32753457512765133, 0.19415957760644945, 0.7519310541202852, 0.7369851979915782, 0.47334669441141985, 0.5613453784192517, 0.5974685751010183, 0.5891137518073419, 0.5918753873948058, 0.7914636662374416, 0.0, 0.35914361484857626, 0.7349687069510543, 0.656573723209777, 0.24925385878564668, 0.5581213005551586, 0.37964996688010844, 0.5037050081677329, 0.6861671158460205, 0.6034975055195454, 0.8002415156263627, 0.2708988959922721, 0.7813731737566942, 0.060644105196172415, 0.21563429276269375, 0.5813552550305989, 0.753058323230862, 0.2734192340773576, 0.8582315244601707, 0.6050905983507949, 0.6213582883663072, 0.64519997031338, 0.4489741620724849, 0.8255337702839202, 0.7845962611615442, 0.35914361484857626, 0.0, 0.6363542721493124, 0.6266866039882301, 0.25319951205490526, 0.6587667867343138, 0.15373654199254871, 0.8192276888036661, 0.6757588075184666, 0.729306412318583, 0.7912899955365756, 0.4706928437284009, 0.992976612576739, 0.41960976603159444, 0.42721293351077116, 0.7201704598284066, 0.8338870082031203, 0.6077364522918205, 0.4673431895380394, 0.41918655124507725, 0.29823617453381096, 0.2748532284144098, 0.1884487352757272, 0.6595714444325662, 0.21708030958010346, 0.7349687069510543, 0.6363542721493124, 0.0, 0.13672970257059108, 0.49865257329145946, 0.367212663037858, 0.4834480971934683, 0.8380501587881013, 0.1697523258662198, 0.4231797409204155, 0.21819641669822945, 0.5386531026705599, 0.7140132287829949, 0.7628452433482011, 0.5654597354425454, 0.4437960518225887, 0.38498278531646835, 0.7729797767908013, 0.3434469777305862, 0.2879930182975184, 0.1630099054809488, 0.13812850568598323, 0.2227586361025631, 0.5228529057525504, 0.15802232382896977, 0.656573723209777, 0.6266866039882301, 0.13672970257059108, 0.0, 0.4417521048425364, 0.2307534341988515, 0.47455742534674217, 0.7060930706523149, 0.05439588403904141, 0.28712116600570964, 0.16460383321273073, 0.4312231389823158, 0.5828123689792355, 0.675844243909468, 0.466565824892682, 0.30715888979324174, 0.2705359093396213, 0.657885901736355, 0.6164136462720029, 0.3555763738176356, 0.391779072622994, 0.4214848187040412, 0.34133826417127616, 0.5736331834356475, 0.5917410499263391, 0.24925385878564668, 0.25319951205490526, 0.49865257329145946, 0.4417521048425364, 0.0, 0.4175418220529466, 0.171984399519821, 0.5924490954318686, 0.481424896002792, 0.48392419200037273, 0.5997403136132423, 0.22413177992950326, 0.7398343676036047, 0.2922562013879643, 0.19077922773767522, 0.472068228102818, 0.6035493205767091, 0.4083718461158323, 0.1996042409496083, 0.08932357468629246, 0.07173892769886729, 0.09340167395788511, 0.3888265675827722, 0.29297121629971473, 0.27958113216369024, 0.5581213005551586, 0.6587667867343138, 0.367212663037858, 0.2307534341988515, 0.4175418220529466, 0.0, 0.527503914275113, 0.4828031684732739, 0.21424755127965936, 0.07624381468831312, 0.28861459937387, 0.2906771978776833, 0.38048549351439803, 0.5573796393017608, 0.3431535792984683, 0.08318314705182427, 0.19517685434378834, 0.47580150475302896, 0.7248024700978009, 0.48564439983738283, 0.4825409990522191, 0.5029829489481505, 0.297146388844317, 0.728282178214296, 0.6325795982645799, 0.37964996688010844, 0.15373654199254871, 0.4834480971934683, 0.47455742534674217, 0.171984399519821, 0.527503914275113, 0.0, 0.7639193504560321, 0.5246176586005085, 0.6012428713344531, 0.6390727538142071, 0.3916981362509785, 0.8819518077497573, 0.4338849624396561, 0.36248040231953055, 0.5960228979526241, 0.6925897366533891, 0.5779155134796766, 0.5290882979786334, 0.41888677714721545, 0.5439043137113722, 0.5744838110643159, 0.7968326855986997, 0.24759569361051934, 0.7549006954791831, 0.5037050081677329, 0.8192276888036661, 0.8380501587881013, 0.7060930706523149, 0.5924490954318686, 0.4828031684732739, 0.7639193504560321, 0.0, 0.6966223647154668, 0.4572631381991723, 0.7634819770695921, 0.37643527850627667, 0.40216627194344134, 0.4536604867874643, 0.4016805257682763, 0.4278404626466246, 0.6030031374955802, 0.23221851718916608, 0.29855986299224424, 0.2846510793685011, 0.1557907405010862, 0.12232042895990743, 0.27705835420811215, 0.49966518139207433, 0.11067177985623515, 0.6861671158460205, 0.6757588075184666, 0.1697523258662198, 0.05439588403904141, 0.481424896002792, 0.21424755127965936, 0.5246176586005085, 0.6966223647154668, 0.0, 0.2591880122383395, 0.11841554376181909, 0.4481665796822061, 0.5443460832109162, 0.7014301728511406, 0.48821282992227066, 0.28273166309851705, 0.22053451096393525, 0.6666842462984953, 0.1352498070818946, 0.13295902073154464, 0.142134705559602, 0.15130599330103203, 0.46194445644165155, 0.2414364638081673, 0.29889189379924613, 0.6034975055195454, 0.729306412318583, 0.4231797409204155, 0.28712116600570964, 0.48392419200037273, 0.07624381468831312, 0.6012428713344531, 0.4572631381991723, 0.2591880122383395, 0.0, 0.3072359533268652, 0.33262011527589114, 0.30636607169970415, 0.5961065772572496, 0.38818763311230814, 0.030216360476857943, 0.16156948362821233, 0.48726336909964457, 0.29235875726466787, 0.37225127455125645, 0.24950921071840795, 0.21185414936139682, 0.3742389773786959, 0.5440387126217103, 0.009176696945680164, 0.8002415156263627, 0.7912899955365756, 0.21819641669822945, 0.16460383321273073, 0.5997403136132423, 0.28861459937387, 0.6390727538142071, 0.7634819770695921, 0.11841554376181909, 0.3072359533268652, 0.0, 0.5536921346851114, 0.547437327891267, 0.8126432499085228, 0.5974099131697509, 0.335988836187796, 0.19962224813977478, 0.7610940784908672, 0.4662023240066439, 0.20359260602871754, 0.30545364129288927, 0.34304220912606614, 0.4462032417209068, 0.3577131076811753, 0.5445887100906442, 0.2708988959922721, 0.4706928437284009, 0.5386531026705599, 0.4312231389823158, 0.22413177992950326, 0.2906771978776833, 0.3916981362509785, 0.37643527850627667, 0.4481665796822061, 0.33262011527589114, 0.5536921346851114, 0.0, 0.5358323568650303, 0.26670327175084874, 0.05674816758249354, 0.3106194248607151, 0.484270925295282, 0.23787092994743542, 0.25515457987181633, 0.397504150764676, 0.4484966970943887, 0.4542746748687942, 0.7683103805544159, 0.1915396748240824, 0.5417153532877089, 0.7813731737566942, 0.992976612576739, 0.7140132287829949, 0.5828123689792355, 0.7398343676036047, 0.38048549351439803, 0.8819518077497573, 0.40216627194344134, 0.5443460832109162, 0.30636607169970415, 0.547437327891267, 0.5358323568650303, 0.0, 0.7521304848981202, 0.5898220029452472, 0.298651516502994, 0.34790267935568747, 0.5663156940555997, 0.7270772971961036, 0.4698771513618336, 0.5683068032749082, 0.6053542441186539, 0.6264333243787666, 0.5610189492951194, 0.8036914568399607, 0.060644105196172415, 0.41960976603159444, 0.7628452433482011, 0.675844243909468, 0.2922562013879643, 0.5573796393017608, 0.4338849624396561, 0.4536604867874643, 0.7014301728511406, 0.5961065772572496, 0.8126432499085228, 0.26670327175084874, 0.7521304848981202, 0.0, 0.2164052740706609, 0.5719827062772781, 0.7505577973773365, 0.2215705534317152, 0.5222444395689747, 0.25772176080027687, 0.35193994389312094, 0.38907026619742235, 0.45591148274991383, 0.40865634420186625, 0.5883979744603343, 0.21563429276269375, 0.42721293351077116, 0.5654597354425454, 0.466565824892682, 0.19077922773767522, 0.3431535792984683, 0.36248040231953055, 0.4016805257682763, 0.48821282992227066, 0.38818763311230814, 0.5974099131697509, 0.05674816758249354, 0.5898220029452472, 0.2164052740706609, 0.0, 0.3667804647425894, 0.537753541076367, 0.23112661374277763, 0.15563591405493915, 0.11696111340813849, 0.1542052783014073, 0.16942718572075152, 0.47189653889329636, 0.2169675551886038, 0.32753457512765133, 0.5813552550305989, 0.7201704598284066, 0.4437960518225887, 0.30715888979324174, 0.472068228102818, 0.08318314705182427, 0.5960228979526241, 0.4278404626466246, 0.28273166309851705, 0.030216360476857943, 0.335988836187796, 0.3106194248607151, 0.298651516502994, 0.5719827062772781, 0.3667804647425894, 0.0, 0.19068044503646922, 0.45821907159310626, 0.09321829108507922, 0.2807209638061997, 0.21304667962040125, 0.18961358813172793, 0.4879250385092854, 0.365821412595286, 0.19415957760644945, 0.753058323230862, 0.8338870082031203, 0.38498278531646835, 0.2705359093396213, 0.6035493205767091, 0.19517685434378834, 0.6925897366533891, 0.6030031374955802, 0.22053451096393525, 0.16156948362821233, 0.19962224813977478, 0.484270925295282, 0.34790267935568747, 0.7505577973773365, 0.537753541076367, 0.19068044503646922, 0.0, 0.648796153056107, 0.6012518638301736, 0.38905445076509276, 0.5136161990217329, 0.5505842129487539, 0.6827809679251414, 0.3771161678670161, 0.7519310541202852, 0.2734192340773576, 0.6077364522918205, 0.7729797767908013, 0.657885901736355, 0.4083718461158323, 0.47580150475302896, 0.5779155134796766, 0.23221851718916608, 0.6666842462984953, 0.48726336909964457, 0.7610940784908672, 0.23787092994743542, 0.5663156940555997, 0.2215705534317152, 0.23112661374277763, 0.45821907159310626, 0.648796153056107, 0.0}
	distanceMatrix.Columns = 25
	distanceMatrix.Rows = 25
	var newRoutine []int
	for _, v := range m["routine"].([]float64) {
		newRoutine = append(newRoutine, int(v))
	}
	sum := 0.0
	for i := 0; i < numPoints; i++ {
		sum += distanceMatrix.GetFromMatrix(newRoutine[i%numPoints], newRoutine[(i+1)%numPoints])
	}
	return sum
}

func main() {
	//var a algorithms.AcaTsp
	//var distanceMatrix goNum.Matrix
	//distanceMatrix.Data = []float64{0.0, 0.26820846840669127, 0.24501309706953528, 0.23453823502143265, 0.5502330738675738, 0.285052668994362, 0.28656601578035246, 0.7369851979915782, 0.8582315244601707, 0.4673431895380394, 0.3434469777305862, 0.6164136462720029, 0.1996042409496083, 0.7248024700978009, 0.5290882979786334, 0.29855986299224424, 0.1352498070818946, 0.29235875726466787, 0.4662023240066439, 0.25515457987181633, 0.7270772971961036, 0.5222444395689747, 0.15563591405493915, 0.09321829108507922, 0.6012518638301736, 0.26820846840669127, 0.0, 0.12886471435414887, 0.16388904581842367, 0.40108959148866424, 0.2675584730085275, 0.36310345612278705, 0.47334669441141985, 0.6050905983507949, 0.41918655124507725, 0.2879930182975184, 0.3555763738176356, 0.08932357468629246, 0.48564439983738283, 0.41888677714721545, 0.2846510793685011, 0.13295902073154464, 0.37225127455125645, 0.20359260602871754, 0.397504150764676, 0.4698771513618336, 0.25772176080027687, 0.11696111340813849, 0.2807209638061997, 0.38905445076509276, 0.24501309706953528, 0.12886471435414887, 0.0, 0.03771155895842753, 0.31982092549285235, 0.36394113699209896, 0.24034466094593698, 0.5613453784192517, 0.6213582883663072, 0.29823617453381096, 0.1630099054809488, 0.391779072622994, 0.07173892769886729, 0.4825409990522191, 0.5439043137113722, 0.1557907405010862, 0.142134705559602, 0.24950921071840795, 0.30545364129288927, 0.4484966970943887, 0.5683068032749082, 0.35193994389312094, 0.1542052783014073, 0.21304667962040125, 0.5136161990217329, 0.23453823502143265, 0.16388904581842367, 0.03771155895842753, 0.0, 0.31814039330844285, 0.3847249024130877, 0.20268572252305325, 0.5974685751010183, 0.64519997031338, 0.2748532284144098, 0.13812850568598323, 0.4214848187040412, 0.09340167395788511, 0.5029829489481505, 0.5744838110643159, 0.12232042895990743, 0.15130599330103203, 0.21185414936139682, 0.34304220912606614, 0.4542746748687942, 0.6053542441186539, 0.38907026619742235, 0.16942718572075152, 0.18961358813172793, 0.5505842129487539, 0.5502330738675738, 0.40108959148866424, 0.31982092549285235, 0.31814039330844285, 0.0, 0.667537852982992, 0.36980770298934695, 0.5891137518073419, 0.4489741620724849, 0.1884487352757272, 0.2227586361025631, 0.34133826417127616, 0.3888265675827722, 0.297146388844317, 0.7968326855986997, 0.27705835420811215, 0.46194445644165155, 0.3742389773786959, 0.4462032417209068, 0.7683103805544159, 0.6264333243787666, 0.45591148274991383, 0.47189653889329636, 0.4879250385092854, 0.6827809679251414, 0.285052668994362, 0.2675584730085275, 0.36394113699209896, 0.3847249024130877, 0.667537852982992, 0.0, 0.5361800605350119, 0.5918753873948058, 0.8255337702839202, 0.6595714444325662, 0.5228529057525504, 0.5736331834356475, 0.29297121629971473, 0.728282178214296, 0.24759569361051934, 0.49966518139207433, 0.2414364638081673, 0.5440387126217103, 0.3577131076811753, 0.1915396748240824, 0.5610189492951194, 0.40865634420186625, 0.2169675551886038, 0.365821412595286, 0.3771161678670161, 0.28656601578035246, 0.36310345612278705, 0.24034466094593698, 0.20268572252305325, 0.36980770298934695, 0.5361800605350119, 0.0, 0.7914636662374416, 0.7845962611615442, 0.21708030958010346, 0.15802232382896977, 0.5917410499263391, 0.27958113216369024, 0.6325795982645799, 0.7549006954791831, 0.11067177985623515, 0.29889189379924613, 0.009176696945680164, 0.5445887100906442, 0.5417153532877089, 0.8036914568399607, 0.5883979744603343, 0.32753457512765133, 0.19415957760644945, 0.7519310541202852, 0.7369851979915782, 0.47334669441141985, 0.5613453784192517, 0.5974685751010183, 0.5891137518073419, 0.5918753873948058, 0.7914636662374416, 0.0, 0.35914361484857626, 0.7349687069510543, 0.656573723209777, 0.24925385878564668, 0.5581213005551586, 0.37964996688010844, 0.5037050081677329, 0.6861671158460205, 0.6034975055195454, 0.8002415156263627, 0.2708988959922721, 0.7813731737566942, 0.060644105196172415, 0.21563429276269375, 0.5813552550305989, 0.753058323230862, 0.2734192340773576, 0.8582315244601707, 0.6050905983507949, 0.6213582883663072, 0.64519997031338, 0.4489741620724849, 0.8255337702839202, 0.7845962611615442, 0.35914361484857626, 0.0, 0.6363542721493124, 0.6266866039882301, 0.25319951205490526, 0.6587667867343138, 0.15373654199254871, 0.8192276888036661, 0.6757588075184666, 0.729306412318583, 0.7912899955365756, 0.4706928437284009, 0.992976612576739, 0.41960976603159444, 0.42721293351077116, 0.7201704598284066, 0.8338870082031203, 0.6077364522918205, 0.4673431895380394, 0.41918655124507725, 0.29823617453381096, 0.2748532284144098, 0.1884487352757272, 0.6595714444325662, 0.21708030958010346, 0.7349687069510543, 0.6363542721493124, 0.0, 0.13672970257059108, 0.49865257329145946, 0.367212663037858, 0.4834480971934683, 0.8380501587881013, 0.1697523258662198, 0.4231797409204155, 0.21819641669822945, 0.5386531026705599, 0.7140132287829949, 0.7628452433482011, 0.5654597354425454, 0.4437960518225887, 0.38498278531646835, 0.7729797767908013, 0.3434469777305862, 0.2879930182975184, 0.1630099054809488, 0.13812850568598323, 0.2227586361025631, 0.5228529057525504, 0.15802232382896977, 0.656573723209777, 0.6266866039882301, 0.13672970257059108, 0.0, 0.4417521048425364, 0.2307534341988515, 0.47455742534674217, 0.7060930706523149, 0.05439588403904141, 0.28712116600570964, 0.16460383321273073, 0.4312231389823158, 0.5828123689792355, 0.675844243909468, 0.466565824892682, 0.30715888979324174, 0.2705359093396213, 0.657885901736355, 0.6164136462720029, 0.3555763738176356, 0.391779072622994, 0.4214848187040412, 0.34133826417127616, 0.5736331834356475, 0.5917410499263391, 0.24925385878564668, 0.25319951205490526, 0.49865257329145946, 0.4417521048425364, 0.0, 0.4175418220529466, 0.171984399519821, 0.5924490954318686, 0.481424896002792, 0.48392419200037273, 0.5997403136132423, 0.22413177992950326, 0.7398343676036047, 0.2922562013879643, 0.19077922773767522, 0.472068228102818, 0.6035493205767091, 0.4083718461158323, 0.1996042409496083, 0.08932357468629246, 0.07173892769886729, 0.09340167395788511, 0.3888265675827722, 0.29297121629971473, 0.27958113216369024, 0.5581213005551586, 0.6587667867343138, 0.367212663037858, 0.2307534341988515, 0.4175418220529466, 0.0, 0.527503914275113, 0.4828031684732739, 0.21424755127965936, 0.07624381468831312, 0.28861459937387, 0.2906771978776833, 0.38048549351439803, 0.5573796393017608, 0.3431535792984683, 0.08318314705182427, 0.19517685434378834, 0.47580150475302896, 0.7248024700978009, 0.48564439983738283, 0.4825409990522191, 0.5029829489481505, 0.297146388844317, 0.728282178214296, 0.6325795982645799, 0.37964996688010844, 0.15373654199254871, 0.4834480971934683, 0.47455742534674217, 0.171984399519821, 0.527503914275113, 0.0, 0.7639193504560321, 0.5246176586005085, 0.6012428713344531, 0.6390727538142071, 0.3916981362509785, 0.8819518077497573, 0.4338849624396561, 0.36248040231953055, 0.5960228979526241, 0.6925897366533891, 0.5779155134796766, 0.5290882979786334, 0.41888677714721545, 0.5439043137113722, 0.5744838110643159, 0.7968326855986997, 0.24759569361051934, 0.7549006954791831, 0.5037050081677329, 0.8192276888036661, 0.8380501587881013, 0.7060930706523149, 0.5924490954318686, 0.4828031684732739, 0.7639193504560321, 0.0, 0.6966223647154668, 0.4572631381991723, 0.7634819770695921, 0.37643527850627667, 0.40216627194344134, 0.4536604867874643, 0.4016805257682763, 0.4278404626466246, 0.6030031374955802, 0.23221851718916608, 0.29855986299224424, 0.2846510793685011, 0.1557907405010862, 0.12232042895990743, 0.27705835420811215, 0.49966518139207433, 0.11067177985623515, 0.6861671158460205, 0.6757588075184666, 0.1697523258662198, 0.05439588403904141, 0.481424896002792, 0.21424755127965936, 0.5246176586005085, 0.6966223647154668, 0.0, 0.2591880122383395, 0.11841554376181909, 0.4481665796822061, 0.5443460832109162, 0.7014301728511406, 0.48821282992227066, 0.28273166309851705, 0.22053451096393525, 0.6666842462984953, 0.1352498070818946, 0.13295902073154464, 0.142134705559602, 0.15130599330103203, 0.46194445644165155, 0.2414364638081673, 0.29889189379924613, 0.6034975055195454, 0.729306412318583, 0.4231797409204155, 0.28712116600570964, 0.48392419200037273, 0.07624381468831312, 0.6012428713344531, 0.4572631381991723, 0.2591880122383395, 0.0, 0.3072359533268652, 0.33262011527589114, 0.30636607169970415, 0.5961065772572496, 0.38818763311230814, 0.030216360476857943, 0.16156948362821233, 0.48726336909964457, 0.29235875726466787, 0.37225127455125645, 0.24950921071840795, 0.21185414936139682, 0.3742389773786959, 0.5440387126217103, 0.009176696945680164, 0.8002415156263627, 0.7912899955365756, 0.21819641669822945, 0.16460383321273073, 0.5997403136132423, 0.28861459937387, 0.6390727538142071, 0.7634819770695921, 0.11841554376181909, 0.3072359533268652, 0.0, 0.5536921346851114, 0.547437327891267, 0.8126432499085228, 0.5974099131697509, 0.335988836187796, 0.19962224813977478, 0.7610940784908672, 0.4662023240066439, 0.20359260602871754, 0.30545364129288927, 0.34304220912606614, 0.4462032417209068, 0.3577131076811753, 0.5445887100906442, 0.2708988959922721, 0.4706928437284009, 0.5386531026705599, 0.4312231389823158, 0.22413177992950326, 0.2906771978776833, 0.3916981362509785, 0.37643527850627667, 0.4481665796822061, 0.33262011527589114, 0.5536921346851114, 0.0, 0.5358323568650303, 0.26670327175084874, 0.05674816758249354, 0.3106194248607151, 0.484270925295282, 0.23787092994743542, 0.25515457987181633, 0.397504150764676, 0.4484966970943887, 0.4542746748687942, 0.7683103805544159, 0.1915396748240824, 0.5417153532877089, 0.7813731737566942, 0.992976612576739, 0.7140132287829949, 0.5828123689792355, 0.7398343676036047, 0.38048549351439803, 0.8819518077497573, 0.40216627194344134, 0.5443460832109162, 0.30636607169970415, 0.547437327891267, 0.5358323568650303, 0.0, 0.7521304848981202, 0.5898220029452472, 0.298651516502994, 0.34790267935568747, 0.5663156940555997, 0.7270772971961036, 0.4698771513618336, 0.5683068032749082, 0.6053542441186539, 0.6264333243787666, 0.5610189492951194, 0.8036914568399607, 0.060644105196172415, 0.41960976603159444, 0.7628452433482011, 0.675844243909468, 0.2922562013879643, 0.5573796393017608, 0.4338849624396561, 0.4536604867874643, 0.7014301728511406, 0.5961065772572496, 0.8126432499085228, 0.26670327175084874, 0.7521304848981202, 0.0, 0.2164052740706609, 0.5719827062772781, 0.7505577973773365, 0.2215705534317152, 0.5222444395689747, 0.25772176080027687, 0.35193994389312094, 0.38907026619742235, 0.45591148274991383, 0.40865634420186625, 0.5883979744603343, 0.21563429276269375, 0.42721293351077116, 0.5654597354425454, 0.466565824892682, 0.19077922773767522, 0.3431535792984683, 0.36248040231953055, 0.4016805257682763, 0.48821282992227066, 0.38818763311230814, 0.5974099131697509, 0.05674816758249354, 0.5898220029452472, 0.2164052740706609, 0.0, 0.3667804647425894, 0.537753541076367, 0.23112661374277763, 0.15563591405493915, 0.11696111340813849, 0.1542052783014073, 0.16942718572075152, 0.47189653889329636, 0.2169675551886038, 0.32753457512765133, 0.5813552550305989, 0.7201704598284066, 0.4437960518225887, 0.30715888979324174, 0.472068228102818, 0.08318314705182427, 0.5960228979526241, 0.4278404626466246, 0.28273166309851705, 0.030216360476857943, 0.335988836187796, 0.3106194248607151, 0.298651516502994, 0.5719827062772781, 0.3667804647425894, 0.0, 0.19068044503646922, 0.45821907159310626, 0.09321829108507922, 0.2807209638061997, 0.21304667962040125, 0.18961358813172793, 0.4879250385092854, 0.365821412595286, 0.19415957760644945, 0.753058323230862, 0.8338870082031203, 0.38498278531646835, 0.2705359093396213, 0.6035493205767091, 0.19517685434378834, 0.6925897366533891, 0.6030031374955802, 0.22053451096393525, 0.16156948362821233, 0.19962224813977478, 0.484270925295282, 0.34790267935568747, 0.7505577973773365, 0.537753541076367, 0.19068044503646922, 0.0, 0.648796153056107, 0.6012518638301736, 0.38905445076509276, 0.5136161990217329, 0.5505842129487539, 0.6827809679251414, 0.3771161678670161, 0.7519310541202852, 0.2734192340773576, 0.6077364522918205, 0.7729797767908013, 0.657885901736355, 0.4083718461158323, 0.47580150475302896, 0.5779155134796766, 0.23221851718916608, 0.6666842462984953, 0.48726336909964457, 0.7610940784908672, 0.23787092994743542, 0.5663156940555997, 0.2215705534317152, 0.23112661374277763, 0.45821907159310626, 0.648796153056107, 0.0}
	//distanceMatrix.Columns = 25
	//distanceMatrix.Rows = 25
	//a.Init(25, 50, 200, 1, 2, 0.1, distanceMatrix, Value)
	//bestX, bestY := a.Run()
	//fmt.Print(bestX, bestY)

	//objectiveFile, _ := ioutil.ReadFile("./data/Objective.txt")
	//s := string(objectiveFile)
	//ss := strings.Split(s, "\n")
	//fmt.Println(strings.Split(ss[0], "\t")[2])

	//var mmpso algorithms.MMPso
	//mmpso.Init(50, 50, 50, 50, 0.1, 0.1, 0.1, 0.1)
	//mmpso.Run()
	//for _, v := range mmpso.Exa {
	//	fmt.Println(v.Solution, v.Objective, v.X, v.V)
	//}
	//fmt.Println(mmpso.GBest)
	//fmt.Println(mmpso.PBest)
	var nsga3 MOEAs.NSGA_3
	nsga3.Init(50, 50, 50, 50, 0.1, 0.1, 0.1, 0.1)
	nsga3.Run()
	for _, v := range nsga3.MainPop {
		fmt.Println(v.SubProbNo)
		fmt.Println(v.TchVal)
	}
}
